                [
                    -17.55,
                    -149.62
                ],
                [
                    -17.46,
                    -149.55
                ],
                [
                    -17.39,
                    -149.49
                ],
                [
                    -17.31,
                    -149.43
                ],
                [
                    -17.22,
                    -149.36
                ],
                [
                    -17.08,
                    -149.25
                ],
                [
                    -16.8,
                    -149.04
                ],
                [
                    -16.63,
                    -148.9
                ],
                [
                    -16.43,
                    -148.75
                ],
                [
                    -16.3,
                    -148.65
                ],
                [
                    -16.25,
                    -148.61
                ],
                [
                    -16.14,
                    -148.53
                ],
                [
                    -16.01,
                    -148.44
                ],
                [
                    -15.98,
                    -148.41
                ],
                [
                    -10,
                    -144
                ],
                [
                    -5,
                    -140.5
                ],
                [
                    0,
                    -137
                ],
                [
                    0.58,
                    -136.58
                ],
                [
                    1.17,
                    -136.17
                ],
                [
                    2.33,
                    -135.33
                ],
                [
                    3.5,
                    -134.5
                ],
                [
                    3.58,
                    -134.44
                ],
                [
                    9.3,
                    -130.5
                ],
                [
                    10,
                    -130
                ],
                [
                    10.58,
                    -129.43
                ],
                [
                    15,
                    -125
                ],
                [
                    18.3,
                    -120.9
                ],
                [
                    19,
                    -120
                ],
                [
                    22.75,
                    -113.05
                ],
                [
                    23.14,
                    -112.29
                ],
                [
                    23.15,
                    -112.27
                ],
                [
                    23.27,
                    -112.03
                ],
                [
                    23.35,
                    -111.87
                ],
                [
                    23.42,
                    -111.72
                ],
                [
                    23.58,
                    -111.41
                ],
                [
                    23.68,
                    -111.2
                ],
                [
                    23.78,
                    -110.99
                ],
                [
                    24.5,
                    -110.37
                ],
                [
                    25.6,
                    -109.25
                ],
                [
                    25.81,
                    -109.05
                ],
                [
                    26.17,
                    -108.72
                ],
                [
                    26.72,
                    -108.33
                ],
                [
                    26.82,
                    -108
                ],
                [
                    27.3,
                    -107.53
                ],
                [
                    27.97,
                    -106.86
                ],
                [
                    28.38,
                    -106.37
                ],
                [
                    28.72,
                    -105.96
                ],
                [
                    28.85,
                    -105.8
                ],
                [
                    28.98,
                    -105.63
                ],
                [
                    29.5,
                    -104.98
                ],
                [
                    29.76,
                    -104.65
                ],
                [
                    29.9,
                    -104.47
                ],
                [
                    30.03,
                    -104.3
                ],
                [
                    30.3,
                    -103.95
                ],
                [
                    30.95,
                    -102.98
                ],
                [
                    31.35,
                    -102.18
                ],
                [
                    31.41,
                    -102.07
                ],
                [
                    31.43,
                    -102.02
                ],
                [
                    31.56,
                    -101.77
                ],
                [
                    31.69,
                    -101.51
                ],
                [
                    31.8,
                    -101.29
                ],
                [
                    31.9,
                    -101.07
                ],
                [
                    32.11,
                    -100.63
                ],
                [
                    32.22,
                    -100.41
                ],
                [
                    32.43,
                    -99.97
                ],
                [
                    32.48,
                    -99.86
                ],
                [
                    32.58,
                    -99.16
                ],
                [
                    32.73,
                    -98
                ],
                [
                    32.92,
                    -97.59
                ],
                [
                    32.95,
                    -97.52
                ],
                [
                    33.03,
                    -97.36
                ],
                [
                    33.25,
                    -96.88
                ],
                [
                    33.31,
                    -96.74
                ],
                [
                    33.5,
                    -96.33
                ],
                [
                    33.54,
                    -96.23
                ],
                [
                    33.68,
                    -95.77
                ],
                [
                    33.82,
                    -95.3
                ],
                [
                    33.87,
                    -95.1
                ],
                [
                    33.93,
                    -94.9
                ],
                [
                    34.1,
                    -94.3
                ],
                [
                    34.21,
                    -93.9
                ],
                [
                    34.32,
                    -93.52
                ],
                [
                    34.44,
                    -93.08
                ],
                [
                    34.68,
                    -92.18
                ],
                [
                    34.8,
                    -91.6
                ],
                [
                    34.92,
                    -91.08
                ],
                [
                    35.02,
                    -90.66
                ],
                [
                    35.11,
                    -90.24
                ],
                [
                    35.16,
                    -90.01
                ],
                [
                    35.23,
                    -89.67
                ],
                [
                    35.3,
                    -89.33
                ],
                [
                    35.39,
                    -88.91
                ],
                [
                    35.44,
                    -88.64
                ],
                [
                    35.48,
                    -88.44
                ],
                [
                    35.52,
                    -88.24
                ],
                [
                    35.6,
                    -87.84
                ],
                [
                    35.69,
                    -87.41
                ],
                [
                    35.77,
                    -86.97
                ],
                [
                    35.98,
                    -85.87
                ],
                [
                    36.06,
                    -85.37
                ],
                [
                    36.07,
                    -85.31
                ],
                [
                    36.22,
                    -84.57
                ],
                [
                    36.45,
                    -83.27
                ],
                [
                    36.47,
                    -83.19
                ],
                [
                    36.62,
                    -82.29
                ],
                [
                    36.73,
                    -81.62
                ],
                [
                    36.84,
                    -81.4
                ],
                [
                    37.09,
                    -80.71
                ],
                [
                    37.08,
                    -80.48
                ],
                [
                    37.06,
                    -79.67
                ],
                [
                    37.05,
                    -79.46
                ],
                [
                    37.03,
                    -78.82
                ],
                [
                    37.02,
                    -78.56
                ],
                [
                    36.94,
                    -77.03
                ],
                [
                    36.89,
                    -76.2
                ],
                [
                    36.9,
                    -75.99
                ],
                [
                    36.9,
                    -75.78
                ],
                [
                    36.91,
                    -75.58
                ],
                [
                    36.91,
                    -75.5
                ],
                [
                    36.91,
                    -75.37
                ],
                [
                    36.92,
                    -75.21
                ],
                [
                    36.93,
                    -74.6
                ],
                [
                    36.93,
                    -74.43
                ],
                [
                    36.94,
                    -73.72
                ],
                [
                    36.94,
                    -73.5
                ],
                [
                    36.94,
                    -73.3
                ],
                [
                    36.94,
                    -73
                ],
                [
                    36.94,
                    -72.67
                ],
                [
                    38.34,
                    -67.69
                ],
                [
                    38.39,
                    -67.46
                ],
                [
                    38.51,
                    -67
                ],
                [
                    39.05,
                    -64.71
                ],
                [
                    40,
                    -60
                ],
                [
                    40.57,
                    -58.36
                ],
                [
                    41.12,
                    -56.69
                ],
                [
                    41.64,
                    -55
                ],
                [
                    42.35,
                    -52.53
                ],
                [
                    43,
                    -50
                ],
                [
                    43.32,
                    -49.09
                ],
                [
                    43.79,
                    -47.71
                ],
                [
                    44.25,
                    -46.31
                ],
                [
                    45.1,
                    -43.45
                ],
                [
                    46,
                    -40
                ],
                [
                    46.33,
                    -37.54
                ],
                [
                    46.46,
                    -36.47
                ],
                [
                    47,
                    -30
                ],
                [
                    48,
                    -20
                ],
                [
                    48.27,
                    -18.77
                ],
                [
                    48.53,
                    -17.52
                ],
                [
                    49,
                    -15
                ],
                [
                    49.07,
                    -11.74
                ],
                [
                    49,
                    -8
                ],
                [
                    49.01,
                    -7.49
                ],
                [
                    49.01,
                    -7.21
                ],
                [
                    48.95,
                    -3.12
                ],
                [
                    49.22,
                    -2.05
                ],
                [
                    49.33,
                    -0.69
                ],
                [
                    49.35,
                    -0.5
                ],
                [
                    49.36,
                    -0.38
                ],
                [
                    49.36,
                    -0.3
                ],
                [
                    49.36,
                    -0.25
                ],
                [
                    49.33,
                    0.03
                ],
                [
                    49.28,
                    0.48
                ],
                [
                    49.23,
                    0.88
                ],
                [
                    49.17,
                    1.35
                ],
                [
                    49.14,
                    1.6
                ],
                [
                    49.09,
                    1.93
                ],
                [
                    49.09,
                    1.99
                ],
                [
                    49.06,
                    2.17
                ],
                [
                    49.04,
                    2.3
                ],
                [
                    49.03,
                    2.42
                ],
                [
                    49.01,
                    2.55
                ]
